2005.25,43099847
2005.5,43180433
2005.75,44000204
2006,44245519
2006.25,44306012
2006.5,44611672
2006.75,45431392
2007,45580994
2007.25,45314888
2007.5,45569395
2007.75,45864926
2008,46868952
2008.25,46453196
2008.5,46905921
2008.75,46964082
2009,46753657
2009.25,46977904
2009.5,47453163
2009.75,48738589
2010,48903792
2010.25,48069274
2010.5,49133132
2010.75,49190032
2011,48478718
2011.25,48505168
2011.5,49482112
2011.75,50127032
2012,50772496
2012.25,49354876
2012.5,50611767
2012.75,51056223
2013,50451564
2013.25,50002761
2013.5,51040692
2013.75,51183262
2014,51506922
2014.25,50715329
2014.5,51004605
2014.75,51364782
2015,51277056
2015.25,51176166
2015.5,51800807
2015.75,52368409
2016,52997084
2016.25,52141197
2016.5,52760481
2016.75,53465906
2017,53296175
2017.25,52967544
2017.5,53377703
2017.75,53702713
2018,54032400
2018.25,53936667
2018.5,55039393
2018.75,55390625
2019,55519394
2019.25,55578352
2019.5,56547664
2019.75,56976075
2020,57277858
2020.25,57014967
2020.5,46978848.33
2020.75,53571791
2021,55653440
2021.25,55385133
2021.5,57668254
2021.75,58307446
2022,58761793
2022.25,58085314
2022.5,59338419
2022.75,59480471
2023,60145456
2023.25,60089308
2023.5,60216432
